0,1,406.05,231.05,128.95,280.43,0.92,-1,-1,-1
0,2,543.45,269.46,128.41,253.75,0.92,-1,-1,-1
0,3,161.54,230.15,179.94,460.83,0.91,-1,-1,-1
0,4,929.42,209.77,242.72,573.62,0.91,-1,-1,-1
0,5,652.68,269.11,109.30,235.73,0.91,-1,-1,-1
0,6,326.46,333.96,94.29,234.42,0.90,-1,-1,-1
0,7,582.41,206.79,105.64,249.00,0.86,-1,-1,-1
0,8,744.84,244.47,123.46,265.90,0.86,-1,-1,-1
0,9,542.37,171.55,39.65,112.16,0.83,-1,-1,-1
0,10,259.13,217.48,118.57,314.85,0.83,-1,-1,-1
0,11,600.24,160.31,48.50,129.75,0.79,-1,-1,-1
0,12,170.31,196.57,119.94,291.49,0.78,-1,-1,-1
0,13,576.35,148.11,42.09,137.89,0.77,-1,-1,-1
0,14,682.37,156.77,57.91,152.66,0.73,-1,-1,-1
0,15,301.27,175.16,54.62,150.18,0.68,-1,-1,-1
1,1,429.39,221.52,123.02,267.66,0.94,-1,-1,-1
1,2,546.74,259.86,127.94,252.85,0.92,-1,-1,-1
1,3,159.17,222.26,160.99,410.11,0.88,-1,-1,-1
1,4,935.51,201.30,238.47,563.38,0.92,-1,-1,-1
1,5,659.78,258.06,111.83,242.09,0.88,-1,-1,-1
1,6,366.39,323.17,85.26,212.64,0.88,-1,-1,-1
1,7,593.86,200.48,104.23,246.34,0.86,-1,-1,-1
1,8,748.66,234.00,124.33,267.84,0.88,-1,-1,-1
1,9,539.06,162.97,40.31,113.79,0.85,-1,-1,-1
1,10,280.08,199.45,118.79,315.54,0.89,-1,-1,-1
1,11,597.13,150.20,53.89,144.27,0.82,-1,-1,-1
1,13,579.55,140.58,42.43,138.95,0.78,-1,-1,-1
1,14,666.08,146.79,57.45,151.39,0.83,-1,-1,-1
1,15,291.02,167.43,68.71,188.67,0.50,-1,-1,-1
2,1,447.72,214.75,116.32,253.01,0.91,-1,-1,-1
2,2,554.70,265.73,124.07,245.10,0.90,-1,-1,-1
2,3,160.57,220.47,150.65,383.99,0.91,-1,-1,-1
2,4,941.03,197.39,240.64,568.29,0.92,-1,-1,-1
2,5,664.32,256.01,110.97,241.36,0.90,-1,-1,-1
2,6,337.44,220.98,110.37,275.75,0.91,-1,-1,-1
2,7,592.48,192.99,108.26,256.11,0.82,-1,-1,-1
2,8,755.24,230.77,125.62,270.57,0.88,-1,-1,-1
2,9,542.56,164.98,39.32,110.48,0.77,-1,-1,-1
2,10,293.58,190.18,106.32,282.13,0.86,-1,-1,-1
2,11,598.43,145.50,54.39,145.68,0.80,-1,-1,-1
2,13,584.56,139.06,42.09,137.93,0.72,-1,-1,-1
2,14,653.69,143.98,59.59,156.83,0.79,-1,-1,-1
2,15,296.03,166.87,68.44,188.35,0.55,-1,-1,-1
2,16,-11.24,281.61,80.10,196.13,0.91,-1,-1,-1
3,1,463.28,225.86,111.46,243.18,0.92,-1,-1,-1
3,2,551.94,288.96,121.13,239.93,0.84,-1,-1,-1
3,3,172.79,241.93,136.04,346.83,0.90,-1,-1,-1
3,4,936.74,212.78,246.00,581.38,0.91,-1,-1,-1
3,5,663.06,273.54,110.89,241.69,0.89,-1,-1,-1
3,6,342.86,203.61,115.57,289.60,0.88,-1,-1,-1
3,7,577.44,205.46,123.19,292.76,0.81,-1,-1,-1
3,8,753.50,247.73,125.17,269.74,0.86,-1,-1,-1
3,9,539.55,182.41,38.78,108.35,0.79,-1,-1,-1
3,10,327.06,201.22,97.41,257.54,0.83,-1,-1,-1
3,11,593.77,161.72,52.29,140.96,0.72,-1,-1,-1
3,13,582.58,156.96,41.59,136.50,0.75,-1,-1,-1
3,14,640.13,160.30,57.88,151.80,0.83,-1,-1,-1
3,15,301.37,187.53,60.28,165.84,0.84,-1,-1,-1
3,16,14.61,292.01,75.78,185.45,0.91,-1,-1,-1
3,18,432.06,319.75,88.32,185.01,0.88,-1,-1,-1
4,1,469.48,238.42,106.23,232.18,0.89,-1,-1,-1
4,2,549.08,309.36,121.60,240.89,0.84,-1,-1,-1
4,3,143.20,257.87,129.20,325.40,0.92,-1,-1,-1
4,4,926.73,227.95,252.14,597.66,0.92,-1,-1,-1
4,5,664.49,286.06,112.46,246.44,0.82,-1,-1,-1
4,6,356.67,206.18,114.24,287.40,0.89,-1,-1,-1
4,7,571.21,223.76,123.60,295.63,0.85,-1,-1,-1
4,8,744.28,265.61,124.82,270.72,0.82,-1,-1,-1
4,9,533.66,202.83,38.91,107.89,0.73,-1,-1,-1
4,10,364.05,211.61,87.96,231.42,0.63,-1,-1,-1
4,11,586.54,181.83,52.13,140.45,0.79,-1,-1,-1
4,13,573.66,176.13,41.74,136.83,0.76,-1,-1,-1
4,14,632.94,178.49,53.88,141.61,0.81,-1,-1,-1
4,15,300.20,208.78,58.08,157.66,0.89,-1,-1,-1
4,16,42.46,304.51,71.35,173.86,0.89,-1,-1,-1
4,18,445.42,328.28,85.83,179.78,0.87,-1,-1,-1
5,1,488.61,251.29,97.96,213.96,0.89,-1,-1,-1
5,2,553.98,320.50,123.57,244.92,0.87,-1,-1,-1
5,3,159.15,270.63,120.17,298.99,0.92,-1,-1,-1
5,4,927.95,238.58,257.39,612.81,0.91,-1,-1,-1
5,5,668.11,292.35,117.11,258.17,0.85,-1,-1,-1
5,6,388.12,221.26,106.87,269.98,0.90,-1,-1,-1
5,7,570.77,243.04,121.06,290.84,0.83,-1,-1,-1
5,8,742.90,281.32,124.34,269.63,0.81,-1,-1,-1
5,9,529.75,219.12,33.93,93.30,0.31,-1,-1,-1
5,10,387.23,219.90,86.54,228.88,0.84,-1,-1,-1
5,11,586.17,195.11,57.01,153.48,0.80,-1,-1,-1
5,13,571.26,191.52,41.18,134.96,0.61,-1,-1,-1
5,14,641.36,190.56,52.55,137.32,0.82,-1,-1,-1
5,15,305.71,224.92,57.08,151.98,0.92,-1,-1,-1
5,16,82.24,311.48,67.61,164.35,0.89,-1,-1,-1
5,18,474.08,336.73,81.58,172.03,0.88,-1,-1,-1
5,19,1142.07,293.43,129.13,326.92,0.84,-1,-1,-1
5,20,686.40,192.04,79.35,166.13,0.53,-1,-1,-1
6,1,510.48,253.10,96.99,213.59,0.75,-1,-1,-1
6,2,551.89,292.99,141.80,284.44,0.85,-1,-1,-1
6,3,178.55,276.05,113.78,281.26,0.90,-1,-1,-1
6,4,934.19,244.75,257.50,615.98,0.90,-1,-1,-1
6,5,674.11,298.50,117.12,258.91,0.87,-1,-1,-1
6,6,412.75,219.81,103.68,262.97,0.87,-1,-1,-1
6,7,569.35,254.80,116.56,281.37,0.51,-1,-1,-1
6,8,752.23,289.84,122.97,269.35,0.85,-1,-1,-1
6,9,531.86,227.40,37.02,101.61,0.66,-1,-1,-1
6,10,413.68,235.77,81.52,216.94,0.49,-1,-1,-1
6,11,589.77,205.92,53.98,144.98,0.82,-1,-1,-1
6,13,577.85,201.94,36.57,118.95,0.75,-1,-1,-1
6,14,653.08,199.90,50.07,131.43,0.87,-1,-1,-1
6,15,311.29,234.50,57.85,150.83,0.89,-1,-1,-1
6,16,116.75,311.97,64.52,156.83,0.91,-1,-1,-1
6,18,495.43,336.51,77.22,163.07,0.85,-1,-1,-1
6,19,1146.23,288.77,130.86,331.71,0.87,-1,-1,-1
6,20,694.24,199.16,72.67,152.40,0.75,-1,-1,-1
7,1,531.81,257.86,93.28,207.38,0.77,-1,-1,-1
7,2,559.89,309.16,136.53,275.19,0.83,-1,-1,-1
7,3,200.08,283.35,105.75,260.85,0.90,-1,-1,-1
7,4,937.27,252.07,257.95,620.55,0.90,-1,-1,-1
7,5,676.94,303.13,119.08,263.66,0.87,-1,-1,-1
7,6,434.73,238.39,95.93,244.01,0.91,-1,-1,-1
7,7,586.61,270.68,89.19,216.17,0.55,-1,-1,-1
7,8,756.98,300.24,121.99,268.94,0.84,-1,-1,-1
7,9,532.33,237.16,38.50,105.07,0.41,-1,-1,-1
7,10,450.27,236.60,81.72,218.58,0.82,-1,-1,-1
7,11,592.70,217.18,52.64,140.82,0.74,-1,-1,-1
7,13,579.60,211.74,37.34,120.66,0.47,-1,-1,-1
7,14,662.81,211.66,49.02,127.81,0.85,-1,-1,-1
7,15,314.68,243.63,59.24,151.23,0.89,-1,-1,-1
7,16,148.49,313.97,60.20,147.26,0.87,-1,-1,-1
7,18,510.39,338.52,73.20,155.05,0.85,-1,-1,-1
7,19,1146.09,297.69,129.55,329.33,0.85,-1,-1,-1
7,20,711.46,211.70,64.79,136.54,0.62,-1,-1,-1
8,1,565.72,263.67,86.91,194.52,0.53,-1,-1,-1
8,2,545.12,330.93,126.32,261.57,0.74,-1,-1,-1
8,3,214.54,286.08,100.19,246.37,0.90,-1,-1,-1
8,4,936.79,260.63,255.61,617.98,0.90,-1,-1,-1
8,5,679.73,308.67,120.18,265.81,0.86,-1,-1,-1
8,6,455.57,243.72,91.51,233.30,0.90,-1,-1,-1
8,7,577.45,277.18,110.89,271.33,0.84,-1,-1,-1
8,8,759.01,306.22,120.96,269.20,0.82,-1,-1,-1
8,9,525.68,244.88,38.32,104.67,0.16,-1,-1,-1
8,10,480.20,236.77,74.91,200.04,0.83,-1,-1,-1
8,11,592.43,224.06,51.25,137.04,0.79,-1,-1,-1
8,13,578.98,219.78,37.31,120.35,0.61,-1,-1,-1
8,14,663.22,221.87,47.62,123.89,0.82,-1,-1,-1
8,15,312.47,251.75,60.19,150.54,0.90,-1,-1,-1
8,16,179.21,315.93,56.25,138.08,0.88,-1,-1,-1
8,18,527.58,342.44,71.62,152.08,0.74,-1,-1,-1
8,19,1145.33,307.00,128.61,326.28,0.83,-1,-1,-1
8,20,723.74,223.08,58.89,124.97,0.48,-1,-1,-1
8,21,1213.78,297.46,86.57,312.59,0.65,-1,-1,-1
9,1,595.04,263.97,83.15,185.07,0.71,-1,-1,-1
9,2,550.27,326.62,129.67,267.92,0.88,-1,-1,-1
9,3,231.55,286.67,92.96,228.04,0.88,-1,-1,-1
9,4,939.15,264.31,252.85,614.59,0.90,-1,-1,-1
9,5,683.62,314.59,119.75,263.92,0.87,-1,-1,-1
9,6,477.85,242.14,86.93,223.07,0.90,-1,-1,-1
9,7,566.17,279.25,115.61,282.77,0.26,-1,-1,-1
9,8,761.64,308.33,120.11,269.78,0.83,-1,-1,-1
9,10,519.39,236.93,69.25,186.95,0.79,-1,-1,-1
9,11,593.87,227.30,51.99,140.27,0.80,-1,-1,-1
9,13,579.74,221.73,38.42,124.44,0.66,-1,-1,-1
9,14,670.01,228.26,45.38,118.58,0.74,-1,-1,-1
9,15,315.82,255.85,60.72,148.59,0.91,-1,-1,-1
9,16,221.44,311.04,55.46,136.54,0.71,-1,-1,-1
9,19,1141.16,312.24,124.90,318.45,0.82,-1,-1,-1
9,20,732.49,222.46,55.18,118.01,0.13,-1,-1,-1
9,21,1220.85,290.48,93.47,335.63,0.71,-1,-1,-1
9,22,687.35,232.53,38.83,112.72,0.59,-1,-1,-1
10,1,629.37,259.11,80.48,179.25,0.86,-1,-1,-1
10,2,561.60,324.83,130.70,268.91,0.91,-1,-1,-1
10,3,247.26,277.34,89.67,217.78,0.91,-1,-1,-1
10,4,946.46,263.27,252.57,617.48,0.90,-1,-1,-1
10,5,689.53,316.32,119.47,262.84,0.87,-1,-1,-1
10,6,508.78,241.78,83.52,216.31,0.88,-1,-1,-1
10,7,583.08,285.41,92.44,227.65,0.68,-1,-1,-1
10,8,768.68,308.02,119.98,270.14,0.85,-1,-1,-1
10,10,550.38,240.60,59.71,162.97,0.33,-1,-1,-1
10,11,601.92,230.50,51.55,139.24,0.75,-1,-1,-1
10,15,322.65,256.97,61.71,148.72,0.91,-1,-1,-1
10,19,1149.62,312.82,125.37,321.13,0.82,-1,-1,-1
10,21,1213.12,288.67,90.90,325.16,0.58,-1,-1,-1
10,22,687.73,225.57,41.46,120.35,0.76,-1,-1,-1
10,23,722.62,221.15,37.32,112.17,0.63,-1,-1,-1
11,1,660.81,254.75,78.12,174.44,0.91,-1,-1,-1
11,2,559.78,327.67,126.70,265.96,0.81,-1,-1,-1
11,3,271.12,273.68,84.73,204.67,0.89,-1,-1,-1
11,4,953.40,266.28,248.73,610.61,0.91,-1,-1,-1
11,5,696.68,316.86,120.12,265.52,0.84,-1,-1,-1
11,6,541.27,241.35,80.94,210.83,0.86,-1,-1,-1
11,7,584.27,286.42,110.93,271.20,0.82,-1,-1,-1
11,8,772.73,308.81,117.73,268.94,0.83,-1,-1,-1
11,10,581.99,237.97,44.99,123.18,0.13,-1,-1,-1
11,11,608.95,229.25,50.49,136.36,0.78,-1,-1,-1
11,15,321.99,258.50,66.51,161.40,0.85,-1,-1,-1
11,19,1160.16,314.20,123.45,316.92,0.78,-1,-1,-1
11,21,1205.99,309.18,85.38,302.93,0.25,-1,-1,-1
11,22,688.48,220.26,37.11,107.47,0.42,-1,-1,-1
11,23,731.51,222.01,35.81,107.43,0.64,-1,-1,-1
12,1,685.11,251.19,76.26,171.87,0.91,-1,-1,-1
12,2,565.21,327.78,125.17,268.64,0.81,-1,-1,-1
12,3,297.10,269.12,80.50,193.04,0.84,-1,-1,-1
12,4,959.95,263.66,248.29,613.69,0.90,-1,-1,-1
12,5,703.98,317.64,119.80,264.17,0.86,-1,-1,-1
12,6,569.10,238.89,75.00,196.89,0.73,-1,-1,-1
12,7,591.49,283.98,116.85,286.57,0.80,-1,-1,-1
12,8,780.05,307.34,117.31,271.31,0.84,-1,-1,-1
12,11,607.29,228.58,60.56,165.18,0.68,-1,-1,-1
12,15,324.22,258.87,68.31,167.04,0.72,-1,-1,-1
12,19,1152.31,289.85,118.70,308.79,0.81,-1,-1,-1
12,21,1186.88,303.90,89.69,315.19,0.85,-1,-1,-1
12,22,689.70,223.12,35.88,102.86,0.54,-1,-1,-1
12,23,740.18,220.83,39.09,117.11,0.70,-1,-1,-1
12,25,544.96,243.11,38.41,109.09,0.87,-1,-1,-1
13,1,709.49,246.78,73.97,169.04,0.86,-1,-1,-1
13,2,575.22,323.68,126.42,272.26,0.79,-1,-1,-1
13,4,962.68,260.11,245.23,610.29,0.90,-1,-1,-1
13,5,709.95,317.66,120.24,266.48,0.82,-1,-1,-1
13,7,593.18,282.53,123.26,299.76,0.84,-1,-1,-1
13,8,785.61,307.12,116.36,272.00,0.82,-1,-1,-1
13,11,606.65,236.12,65.40,178.16,0.56,-1,-1,-1
13,15,327.02,260.15,75.30,184.36,0.86,-1,-1,-1
13,21,1179.01,305.43,90.75,315.78,0.86,-1,-1,-1
13,22,695.95,232.01,38.01,107.88,0.78,-1,-1,-1
13,23,747.95,224.52,30.99,92.49,0.15,-1,-1,-1
13,25,549.42,241.52,38.83,110.30,0.88,-1,-1,-1
14,1,730.52,245.51,69.48,160.22,0.71,-1,-1,-1
14,2,570.66,331.51,120.17,264.26,0.80,-1,-1,-1
14,4,959.03,261.06,244.53,611.83,0.90,-1,-1,-1
14,5,709.88,319.74,117.75,260.69,0.86,-1,-1,-1
14,7,591.34,283.99,124.47,297.50,0.82,-1,-1,-1
14,8,785.16,306.36,114.42,270.21,0.83,-1,-1,-1
14,15,346.52,260.90,74.91,181.47,0.91,-1,-1,-1
14,22,694.40,230.24,40.09,113.32,0.78,-1,-1,-1
14,23,743.92,220.77,36.14,107.72,0.58,-1,-1,-1
14,25,547.03,241.14,38.83,109.99,0.85,-1,-1,-1
14,28,-15.36,278.26,210.13,527.74,0.91,-1,-1,-1
14,9,529.77,292.49,37.50,99.68,0.83,-1,-1,-1
14,14,684.55,304.02,47.84,124.50,0.86,-1,-1,-1
14,3,328.32,255.22,66.37,162.84,0.84,-1,-1,-1
14,6,624.15,227.20,70.17,185.00,0.67,-1,-1,-1
14,19,1148.27,276.36,149.17,392.54,0.79,-1,-1,-1
15,1,735.48,237.85,69.87,163.04,0.71,-1,-1,-1
15,2,570.57,331.11,118.24,264.27,0.79,-1,-1,-1
15,4,965.43,256.85,244.46,612.46,0.88,-1,-1,-1
15,5,711.65,319.67,116.19,257.81,0.84,-1,-1,-1
15,7,590.32,277.77,125.87,298.97,0.82,-1,-1,-1
15,8,789.81,305.04,113.52,268.66,0.85,-1,-1,-1
15,22,682.84,223.00,53.62,152.46,0.77,-1,-1,-1
15,23,742.48,218.12,37.96,112.62,0.40,-1,-1,-1
15,25,547.25,239.58,38.71,109.50,0.85,-1,-1,-1
15,28,65.29,280.38,186.83,467.96,0.92,-1,-1,-1
15,14,695.54,303.65,47.97,124.50,0.79,-1,-1,-1
15,3,341.05,251.67,63.46,152.95,0.91,-1,-1,-1
15,6,640.31,231.59,66.80,177.13,0.69,-1,-1,-1
15,16,398.74,257.79,69.84,171.55,0.90,-1,-1,-1
15,21,1174.32,299.30,92.34,317.19,0.87,-1,-1,-1
16,1,748.49,232.25,63.69,148.32,0.55,-1,-1,-1
16,2,570.97,329.10,116.36,263.78,0.84,-1,-1,-1
16,4,973.02,256.54,245.09,614.26,0.89,-1,-1,-1
16,5,715.97,316.32,118.15,257.83,0.85,-1,-1,-1
16,7,588.86,273.22,125.88,296.14,0.82,-1,-1,-1
16,8,781.58,288.49,150.22,346.98,0.92,-1,-1,-1
16,23,742.76,214.62,38.40,113.77,0.71,-1,-1,-1
16,25,547.61,237.08,38.55,108.74,0.86,-1,-1,-1
16,28,111.28,285.91,160.55,402.19,0.89,-1,-1,-1
16,14,706.38,298.68,46.03,120.71,0.81,-1,-1,-1
16,3,344.84,248.41,63.14,149.55,0.91,-1,-1,-1
16,6,660.41,224.64,67.75,181.06,0.86,-1,-1,-1
16,32,-17.48,304.58,166.12,404.15,0.85,-1,-1,-1
16,33,1105.67,270.21,85.98,286.39,0.54,-1,-1,-1
16,16,431.24,248.41,69.81,169.07,0.89,-1,-1,-1
16,21,1177.56,292.34,95.11,323.96,0.85,-1,-1,-1
16,11,615.61,223.00,55.35,150.90,0.81,-1,-1,-1
17,2,569.79,318.69,117.66,271.40,0.85,-1,-1,-1
17,4,976.54,252.09,244.21,613.74,0.90,-1,-1,-1
17,5,725.77,314.01,114.36,251.49,0.87,-1,-1,-1
17,7,599.95,275.42,150.59,342.73,0.91,-1,-1,-1
17,8,796.64,289.00,134.01,309.10,0.84,-1,-1,-1
17,23,742.80,210.79,37.77,111.69,0.30,-1,-1,-1
17,25,547.00,236.19,37.59,105.49,0.86,-1,-1,-1
17,28,159.35,278.94,146.63,367.98,0.89,-1,-1,-1
17,3,344.67,243.80,63.52,148.00,0.92,-1,-1,-1
17,6,679.03,220.54,56.76,151.91,0.50,-1,-1,-1
17,32,45.02,302.75,148.91,362.21,0.83,-1,-1,-1
17,33,1102.30,267.23,88.17,293.87,0.14,-1,-1,-1
17,16,457.88,240.61,68.33,161.49,0.90,-1,-1,-1
17,21,1175.23,295.00,94.76,320.63,0.87,-1,-1,-1
17,11,614.79,215.91,51.70,140.91,0.48,-1,-1,-1
18,2,518.00,283.52,144.31,331.93,0.92,-1,-1,-1
18,4,982.77,247.55,245.15,616.63,0.87,-1,-1,-1
18,5,719.57,307.78,116.44,254.16,0.88,-1,-1,-1
18,7,596.70,265.69,139.81,319.51,0.79,-1,-1,-1
18,8,803.85,287.84,123.74,288.25,0.86,-1,-1,-1
18,23,728.74,203.64,52.50,156.08,0.58,-1,-1,-1
18,25,547.01,230.13,37.43,105.03,0.23,-1,-1,-1
18,28,204.17,272.08,134.23,337.39,0.87,-1,-1,-1
18,3,345.38,237.87,64.83,149.37,0.91,-1,-1,-1
18,6,691.88,213.48,60.26,162.89,0.86,-1,-1,-1
18,32,117.81,297.70,132.68,323.38,0.85,-1,-1,-1
18,16,488.71,229.98,66.84,158.82,0.87,-1,-1,-1
18,21,1178.76,288.35,98.41,328.55,0.72,-1,-1,-1
18,11,607.53,209.14,55.40,153.12,0.65,-1,-1,-1
18,37,59.10,245.27,33.41,74.05,0.69,-1,-1,-1
18,19,1158.27,369.40,179.02,459.03,0.61,-1,-1,-1
19,2,483.34,269.41,140.65,329.43,0.92,-1,-1,-1
19,4,1011.75,249.25,233.37,595.43,0.87,-1,-1,-1
19,5,719.88,301.82,118.41,258.62,0.87,-1,-1,-1
19,7,600.18,291.65,130.08,292.58,0.85,-1,-1,-1
19,8,807.31,288.16,119.32,280.28,0.82,-1,-1,-1
19,23,735.93,199.35,51.59,153.80,0.49,-1,-1,-1
19,28,259.02,267.56,122.69,309.04,0.87,-1,-1,-1
19,3,349.97,234.47,65.67,148.79,0.89,-1,-1,-1
19,6,706.88,208.80,58.70,159.10,0.85,-1,-1,-1
19,32,177.36,289.86,120.39,292.16,0.87,-1,-1,-1
19,16,531.26,223.25,64.05,153.70,0.85,-1,-1,-1
19,21,1185.96,286.38,96.54,319.05,0.75,-1,-1,-1
19,11,618.64,208.96,51.19,141.28,0.36,-1,-1,-1
19,37,59.85,239.30,34.02,75.54,0.12,-1,-1,-1
19,39,642.66,230.67,45.58,143.60,0.62,-1,-1,-1
20,2,454.06,257.81,135.10,318.29,0.93,-1,-1,-1
20,4,1005.56,253.89,235.70,601.07,0.91,-1,-1,-1
20,5,728.21,297.99,117.00,260.74,0.84,-1,-1,-1
20,8,814.77,286.76,120.11,286.39,0.84,-1,-1,-1
20,28,304.47,261.74,114.91,290.30,0.86,-1,-1,-1
20,3,350.07,231.71,67.81,153.06,0.83,-1,-1,-1
20,6,715.29,207.74,56.67,154.28,0.81,-1,-1,-1
20,32,239.56,284.02,108.62,264.41,0.85,-1,-1,-1
20,16,569.26,219.80,60.53,147.44,0.84,-1,-1,-1
20,21,1196.32,289.77,93.93,309.94,0.72,-1,-1,-1
20,11,626.66,213.96,55.72,153.49,0.13,-1,-1,-1
20,37,66.80,235.94,30.10,67.03,0.30,-1,-1,-1
20,39,643.43,212.14,41.87,131.31,0.63,-1,-1,-1
20,22,693.09,232.45,35.12,99.17,0.57,-1,-1,-1
21,2,425.77,252.61,114.38,274.97,0.75,-1,-1,-1
21,4,1007.73,251.93,238.33,603.62,0.88,-1,-1,-1
21,5,727.17,294.03,116.70,262.34,0.86,-1,-1,-1
21,8,820.55,283.36,120.61,289.66,0.82,-1,-1,-1
21,6,728.95,202.19,56.91,154.76,0.84,-1,-1,-1
21,32,279.62,255.55,110.26,268.16,0.35,-1,-1,-1
21,16,596.69,213.17,59.07,146.04,0.78,-1,-1,-1
21,21,1192.96,289.65,99.42,327.77,0.62,-1,-1,-1
21,37,73.82,229.76,30.87,68.61,0.65,-1,-1,-1
21,39,645.17,199.96,48.55,151.72,0.76,-1,-1,-1
21,22,697.56,236.05,32.19,88.64,0.73,-1,-1,-1
21,25,563.87,222.07,38.06,106.43,0.83,-1,-1,-1
21,19,1186.88,307.67,146.93,387.94,0.73,-1,-1,-1
21,7,602.91,266.47,133.05,297.72,0.79,-1,-1,-1
